3.918741679799607596e+02 -9.670648464624241214e+00 9.475735897894917992e-01 2.251201664928358936e-01 5.047433725620008360e+00 -6.207918407859910559e+00 3.712984934622017286e-01 -8.127447880868469976e-02 7.184686440915017958e-01 2.328591929883145617e-01 4.983337035044305807e+00 -4.983333884415816151e+00 -9.989715328725958798e-01 1.557159857607771647e+00 2.679128354282631075e-01 -2.117179145774560067e-01 -1.633294026019369849e-01 1.771013284925223807e+00 1.718521813337132997e-01 -2.665477508944286700e-01 -1.063740947578258833e+01 2.109238829674668914e+00 2.822677933305342446e+00 4.189263074813141863e+00 -1.176606827779290487e+00 -3.185143869707088848e-01 6.998610022662387076e-01 -8.510815665346040948e-01 -2.518117065888797468e-01 2.743285524415515209e-01 3.135161716996306858e+00 -7.257898984417397337e+00 8.324469806118086623e-01 1.088791310849627658e+00 1.665766405954093976e+00 -9.676822409643062173e-01 2.684675876226977342e-01 2.521905743381258058e-01 -3.633476813949554352e-02 2.986932106256738606e-02 4.425573515585182194e-01 -6.053227489338780520e-01 -1.589795822347756404e+00 -1.278074538722868247e+00 1.600595369629035369e+00 1.943175650647452901e-01 -4.775498569311121266e-01 -1.470577990939315294e+00 -2.292874134480592796e-01 9.979538886037118972e-02 -2.470611001618035374e+01 -3.458212713656431703e+01 -3.528535877570523560e+00 7.435167767317224508e-01 -5.008654912466153242e+00 -1.067983464210118028e+00 6.752046431546518956e-01 -1.076752660113687421e+00 2.988163075138081104e-01 -7.709822398718277348e-02 1.213721425133114735e+02 -4.328954205375808328e+01 2.832750080379942581e+00 -7.033938633453116651e+00 1.198175649252343788e+01 -3.625542465262853842e+00 1.189015730826074480e+00 -4.079699857560411758e+00 9.790171520093789992e-01 1.104960881818352947e+00
-9.670648464624241214e+00 1.540680755377399009e+02 -7.207837994817392513e+00 -5.934333419431816914e+00 -5.946966858926924226e-01 -1.200115960724265074e+00 -1.205825915646349999e+00 -8.500897058189984534e-01 9.947110660846353314e-01 -1.994895353222493617e-01 3.508110754020107525e+00 -1.543344707010388062e+00 1.217342203663700051e+00 5.419929543004124994e-01 -1.050131774405224094e+00 5.362026619890090107e-01 1.166227102139168748e-01 -5.235503523479828614e-01 1.401861912712201730e-01 1.088718929910852118e-01 1.538291427849838522e+00 -7.070753457960639032e-01 -3.757809469389969959e-01 -1.309306186011940376e+00 -2.207245701423003748e-01 -6.493517601889058355e-01 2.970400055597442468e-01 2.445176572357643241e-01 -1.955088917416213656e-01 1.990141267163944849e-01 4.741103317960055463e+00 1.333897007602405038e+00 -9.021631881048796098e-01 -2.512719046538679279e+00 -2.103398803570370734e-01 1.216900339480752935e+00 1.076700214760915181e-01 -3.234816794371882520e-01 2.272547435442232727e-02 6.512775017865955751e-02 6.477976842773447430e+00 -5.186007591316811549e+00 -2.515402875350820633e+00 2.873481746140478799e-01 -1.095349634192133603e+00 -3.263015687537797888e-02 8.440965868990350784e-02 5.903787705781689960e-02 -1.309831639086390109e-01 -2.349520495718396967e-02 -1.220835480568845499e+00 9.990289036224423214e+00 -4.594185933015042522e+00 -2.703709488105631720e-01 3.269344272531415907e+00 -1.687630080604922700e-01 -1.937309251782872943e+00 -6.159358706364200797e-01 3.750901123472455967e-01 -7.190405685903942246e-01 -2.979818195947828485e+01 -1.440971807347500189e+01 -1.089795237807688721e+01 2.119188803360937001e+01 -8.180699060818980684e+00 2.107730239279373308e+00 2.360821854802845898e+00 1.841584421445530362e+00 -1.266393452390341068e+00 -1.384498524316110979e+00
9.475735897894917992e-01 -7.207837994817392513e+00 7.965789732025868375e+01 1.793743249327404365e+00 -9.143748227952146479e-01 2.308198590086585789e+00 8.854903025593907628e-01 1.149953974801011525e-01 4.562252494618085907e-01 5.775994381590517923e-01 3.492080939537633433e-01 2.044185274170585487e+00 1.726250421352243103e-01 4.006911808714708201e-01 8.918648415175461919e-01 -7.622014084373464060e-01 -1.839798849777904421e-01 4.566582763390083510e-01 6.544754819442420712e-02 9.851069555847315196e-02 -1.587975385056980215e+00 -1.337987151683386111e+00 3.558641714687682978e+00 3.678958307552847029e-01 5.765704989152532489e-01 6.427386198127238437e-02 -2.974818985017119166e-01 -1.107573705655463120e-02 -1.684449097504949200e-01 -1.452531984972453907e-02 -1.496103811596658950e+00 -2.001573319298354914e+00 1.195831546921328981e+00 -4.377627867540631601e-01 -3.441384735521391680e-01 -1.988181655553902250e-01 -1.915498318128568411e-01 -1.368061789126806260e-01 -8.228074688779994650e-02 4.640867462294501200e-03 -4.972941018134183544e+00 8.488311772067052008e-01 6.860066386841909836e-01 -1.285869419201229436e+00 -2.219474370603478075e+00 -6.475714421016383338e-02 1.849115006027732613e-02 -2.694547544528362766e-03 -6.540132593109511394e-02 6.771866814045336691e-02 1.069991937470927645e+01 -3.495175959115735420e+00 3.782542676466412512e+00 -8.152574738254020348e-01 -5.311585816309268848e-01 -1.718092321519069543e+00 -1.020192377008263707e+00 2.502535702659820505e-01 9.071427747798451735e-01 -2.056835274025709259e-01 5.378056210963318762e+01 1.842937998825783552e+01 2.267549129941488317e+01 -1.328385543346132103e+01 1.925795375047699265e+00 8.703505581232602317e-01 -1.093482905092035606e+00 -1.365167500210368035e+00 7.731200641192079726e-01 1.771063851099651254e-01
2.251201664928358936e-01 -5.934333419431816914e+00 1.793743249327404365e+00 3.629430744458323232e+01 9.932049948490419000e-01 -1.626963124944372785e-01 2.493717977969681365e-01 6.895186008070314232e-02 -9.408488122546342092e-02 -7.795787761164078844e-02 -1.662275236820499380e+00 2.274719385832323915e-01 1.395315049331578329e-02 3.374738026445073258e-01 5.157765933113449552e-01 2.993546560894541075e-01 -3.741433767048905901e-02 -8.543038940524596767e-03 3.127265120297719608e-02 3.918413292935083456e-04 5.337578880318580854e-01 3.523993434341747277e-01 -1.341028212912086071e+00 4.507415794064167924e-01 1.650720712468672635e-01 1.340823179682948119e-01 -1.074679298264012428e-01 -7.463872760373260751e-02 -7.444548033962482270e-02 7.949201968457530673e-03 -9.978292854583494798e-01 -1.291771513507543045e-01 1.436271175004188327e+00 4.776958191063085946e-01 8.145417379528351043e-02 -3.660656773192917657e-02 -3.102715924644343093e-01 -9.796307135237594665e-02 1.693423501480784826e-02 1.503091282072143570e-02 -3.452837353874782966e+00 7.067956746422183745e-01 1.318911492417969678e+00 7.339067739120812561e-01 4.852587119712383629e-02 -2.635213378681527940e-01 6.144875664075074434e-02 7.279961413306437756e-02 -3.705685588580880097e-02 4.066775904583109363e-02 -1.471500611656301594e+01 -1.099261324595274703e+00 2.790265891412692767e+00 -2.934742027548565835e-01 7.284880093313652605e-01 2.524500644594962040e+00 -1.205164609919434637e+00 4.343994528735414251e-01 5.934936397602365993e-02 4.168492141491669800e-01 2.381279560694188646e+01 2.132474265441531358e+01 2.529101509656514590e+00 -2.657262343233793178e+00 3.116051976997018969e+00 -2.340688315294924049e+00 1.980972094878770129e+00 -1.296156674172814993e+00 -5.546170506561778346e-01 3.766280718050811771e-01
5.047433725620008360e+00 -5.946966858926924226e-01 -9.143748227952146479e-01 9.932049948490419000e-01 1.532442398650541548e+01 -5.457447815205881403e-01 1.182913475079945959e-01 3.811480082313390971e-01 5.157571451553936287e-02 3.733307116969747375e-02 8.107997004995619317e-02 3.223267662440830961e+00 -7.127750941450732292e-01 -8.437389010891294117e-01 4.410008310262419906e-01 2.368013909123786176e-01 8.824674867601262074e-02 -9.408437447070880366e-02 1.183701228715058895e-01 1.270230278422740172e-03 1.282872378024138227e+00 -2.089199565281258497e+00 4.061497695826364329e-01 9.144035301203683463e-01 -1.060218153317101231e-01 -1.091671103513936480e-01 7.129336313731166053e-02 2.249031632764659019e-02 6.816439823209653748e-03 3.594629910025946146e-02 1.564574133415226775e+00 -6.123519385003338700e-01 9.056975924396017952e-01 7.153792972645570680e-01 -2.169661689542790872e-01 -2.356857736645896068e-02 8.810425358583888478e-02 -7.351185879011009477e-03 -5.084543699348741119e-02 -2.945913787988157888e-03 2.111027452237856650e-01 -1.224210960562246431e+00 2.532331213904081557e-01 -3.035891281138582420e-01 -1.730270577025382062e-01 -5.425819577568376240e-02 -1.762926721649691886e-01 1.209723303880833600e-01 4.739191073466486603e-02 -2.009567118716183015e-03 1.905907034682820633e+00 -1.643510671553694014e-01 -1.277460409009979925e+00 1.095717685595779534e+00 -1.041337363212200273e+00 2.142762615359765643e-01 -3.282058936270255689e-01 3.548559253158458521e-02 1.811851416421609851e-01 1.047518695472419437e-01 -4.798095284354674916e+00 -8.959708216399825176e+00 -2.638654863932299754e+00 5.610458924968821925e+00 1.396266454949654859e-02 7.922425198007838620e-01 1.003552254093518004e+00 -4.579244867379715922e-01 -1.827861054708705690e-01 -2.393370416539517542e-01
-6.207918407859910559e+00 -1.200115960724265074e+00 2.308198590086585789e+00 -1.626963124944372785e-01 -5.457447815205881403e-01 8.492528011158725576e+00 8.542316747696088175e-02 1.086440204042877916e-01 2.401715579937581113e-01 -2.233792527812748230e-01 2.949465995535207608e+00 2.206987621019838586e-01 -5.572780583733791815e-01 1.057443731600914705e-01 2.174121356245266590e-01 6.415832242710139965e-02 -1.413501319949147239e-01 7.549426062777625686e-03 -5.428560708081378583e-02 7.286903685742488791e-03 2.330452056972836805e-01 3.904659697590324163e-01 6.087021135529695481e-01 8.201963015528647427e-03 -3.118915655038484447e-01 -1.103598499093176311e-01 -8.103951500254442941e-02 -6.653722165224286444e-02 4.489957985538666624e-02 1.748947405417010381e-02 1.000505764910772477e+00 -5.731344477716043828e-01 1.294678301635417417e-01 -7.735173938666049798e-02 -8.777655204039715164e-02 1.159737802514819865e-01 -4.328037042696369907e-02 5.474639820239180074e-04 4.256641512526628673e-02 4.064855232292933357e-02 -2.081834719099899811e+00 2.769656766012417726e-01 -1.130929935715264456e+00 -5.143883387574019889e-02 1.604593034535152854e-02 -2.571380063030615504e-01 8.548868436214902833e-02 -2.105742716096247044e-04 -4.363649218949781222e-02 -1.041296502064488309e-02 -8.213947323239073617e-02 -2.357896117901187694e+00 8.229231186756578165e-01 3.207558540432624006e-01 9.275022179284764245e-01 -1.120135368144548615e-01 -5.775518599214346516e-01 1.433251018509671404e-01 3.127456328347808651e-02 -8.321651721134729063e-02 8.057370689097009375e+00 -6.641985171440209612e+00 4.484272622896050997e+00 -6.698164678199188815e-01 1.312648667619746190e+00 -6.035189482341188905e-01 4.713137970211480621e-01 -3.883994848260912541e-02 -5.510072763554662439e-02 4.277376502715184992e-01
3.712984934622017286e-01 -1.205825915646349999e+00 8.854903025593907628e-01 2.493717977969681365e-01 1.182913475079945959e-01 8.542316747696088175e-02 3.975879481661048320e+00 3.368218559578276539e-01 1.097214045218695977e-01 -7.584185807821783309e-02 -6.365347490807816699e-01 5.074865116987460345e-01 9.043085541642982561e-02 4.118462622341923507e-01 1.647373285481086580e-01 1.226486279953516306e-01 8.535939507004772567e-03 1.189630044361141975e-01 1.578495195213459601e-01 4.629240490258574453e-02 -1.142024510672492665e+00 3.209319393303606271e-01 -3.242008341335951560e-02 2.621965286900675429e-01 4.981637365076372476e-03 4.403083083901217047e-03 1.137427247873857988e-01 1.166481461713012729e-01 7.654212069483472269e-02 7.306954763444909774e-03 -3.155260739270233650e-01 -2.485269525403980828e-01 7.117696412736053413e-02 7.455408882214571709e-02 6.173316662929223542e-02 2.893667535311264180e-02 -2.743343925744862579e-04 2.740452512923239811e-02 8.894622115924571970e-02 4.672033649702292749e-03 2.130145438477177300e-01 -1.451670009905048873e-02 6.131587173119806833e-01 -6.981809579277449551e-02 3.949302731965957380e-01 1.716414037886202504e-01 6.684324974939956365e-02 5.546863405521400975e-02 1.589678549664533952e-02 2.431940079376262304e-02 -1.735265896102617278e+00 1.125835393284147390e+00 1.315249088230395769e-01 -7.398899429657992410e-01 3.902454908596582617e-01 7.743558232813678444e-02 4.892757619573070288e-02 -2.255200997306291977e-01 -1.339642317366044472e-02 2.523891041164782675e-02 7.466074887467072152e+00 1.300251126980902727e+00 -1.767099328192070384e+00 -1.035001500578926148e+00 2.983744166580540869e-01 -7.721881034562980695e-01 -4.270727608575894951e-01 -9.050565124659503205e-03 -2.032637866179687613e-01 -1.241525286924168581e-01
-8.127447880868469976e-02 -8.500897058189984534e-01 1.149953974801011525e-01 6.895186008070314232e-02 3.811480082313390971e-01 1.086440204042877916e-01 3.368218559578276539e-01 2.319695362528638505e+00 3.474762064221080249e-01 6.810454708732280316e-02 1.288600381461375566e+00 4.136964249260691173e-01 1.841916721024591808e-02 -3.950747688427422299e-01 2.922295243510384874e-02 -8.123213859548063590e-03 1.144459500880963369e-02 8.462868158317379819e-02 -5.715189384271465202e-03 7.057269434676335940e-02 1.200893858618098387e+00 -2.656280689650741267e-01 1.261351312251382251e-01 1.415139326063589165e-01 -3.842156468631681421e-02 -4.349559974355254183e-02 -7.417807655121655278e-04 6.255737677693401499e-02 2.583752175437068616e-02 2.115725719073365679e-02 3.225392484244655189e-01 3.115355389501721084e-01 -1.445760625874838723e-01 3.358721402289271962e-02 1.138845476014558739e-01 4.558798847505616397e-02 -1.045818514821837165e-02 -2.243406601712333477e-03 1.859139155573592134e-02 1.746586438414103951e-02 -3.183228101016336575e-01 -9.022189751642558653e-01 -4.903971755098996549e-02 3.039055798727844926e-01 1.152792137215286616e-01 3.010163419495053699e-02 -7.837819802860140905e-02 6.996589899527136391e-02 4.384934945702704395e-02 3.370806850299779001e-03 1.558755951954891916e+00 2.286309251635827711e-01 9.153229622857266268e-01 -1.143080365624346673e+00 4.530525292009073002e-02 -6.423882429073510814e-01 2.063850708688125604e-02 -2.915941619212871205e-01 1.324418758177884573e-03 2.112776529704585987e-02 7.556651816428074930e+00 1.019142948133958670e+00 -1.006464882868985944e+00 -1.784973396659273126e+00 8.161121910071243990e-01 -8.840925041217861935e-01 2.796339176740274546e-01 1.859645288712477029e-01 -1.250708093670585275e-01 1.418507468175143720e-02
7.184686440915017958e-01 9.947110660846353314e-01 4.562252494618085907e-01 -9.408488122546342092e-02 5.157571451553936287e-02 2.401715579937581113e-01 1.097214045218695977e-01 3.474762064221080249e-01 1.265356955411524265e+00 2.103066062718015050e-01 -1.815448470751847565e-01 3.255998502733711275e-01 -1.319526178837876207e-01 8.615299539369315751e-02 -1.362748914358691277e-01 3.222084431641941693e-02 -2.276741849982739235e-02 3.773465133090178614e-02 5.413419035625175596e-02 2.782973187849350008e-02 4.314245923922189335e-02 4.304326233040400157e-02 -2.978617439107881376e-02 6.288424650344529021e-02 -2.280969523989954603e-02 -7.234414504071770557e-02 2.717835638975581863e-02 1.352495773872905774e-02 2.087733546625572881e-02 3.597014697737452305e-02 2.931214777743477995e-02 6.078646010196108590e-02 8.957032556128297074e-02 1.675644641999520235e-01 1.846199585977538124e-02 -3.891801193205506569e-03 -9.262324752213455317e-03 3.032677030773486132e-02 4.809243212626118646e-02 2.315198051093705911e-02 2.490928894498982971e-01 -4.844243757962584107e-01 -8.174771668154420801e-02 2.145623031641692435e-01 -1.011611831784479335e-03 7.579142999125404456e-02 -2.882512731036087489e-02 -4.854218458709494421e-03 2.178938504120133714e-03 2.801140165051303407e-02 9.481098557504062663e-02 -6.307380486717198975e-01 3.863594979657494211e-01 -7.349965890450117501e-01 6.019962026101254304e-01 -2.421391834957418443e-01 4.086455294544628913e-02 4.718160803893588912e-02 7.892479283455998418e-02 -6.367983505887883644e-02 4.786060270774448178e+00 -4.284545946406508321e+00 -3.414882086154666929e-01 3.630473734826106247e-01 -1.638305174914318763e-01 -1.209325268487036337e-01 -5.010064593575920544e-02 5.050580677013331507e-03 -1.203589477917909323e-01 9.946340656668125821e-03
2.328591929883145617e-01 -1.994895353222493617e-01 5.775994381590517923e-01 -7.795787761164078844e-02 3.733307116969747375e-02 -2.233792527812748230e-01 -7.584185807821783309e-02 6.810454708732280316e-02 2.103066062718015050e-01 6.849003133527107323e-01 -4.696606160127708707e-01 2.155989401968911867e-01 5.892114084710548677e-02 2.616692234972452930e-02 -2.660833283566791524e-02 -1.135796208978072722e-02 -1.835187269770312962e-02 -1.957239264158190314e-02 3.645466263266801399e-02 3.574539395997508584e-02 3.769129416088070478e-02 9.786084067802784670e-02 1.020435788438592145e-01 -5.115073803777439067e-03 -1.056044483647028132e-01 -4.240084156570705920e-02 -2.659599033487441630e-02 -4.237822908779086302e-03 1.923008674297874490e-02 1.668277303675675879e-03 2.359337321029147394e-01 -1.230046115790192490e-01 1.409934676008892662e-01 -3.467358810618659140e-04 8.440550967965125594e-04 -2.838016066999223680e-02 -2.879869660344635748e-02 4.670475841980799639e-03 1.900686291953360835e-02 2.800464697722341613e-03 -3.207841551667381941e-01 -8.086371217534513156e-03 -3.236721986717946281e-02 1.303235874209300038e-01 -1.836444171180402068e-02 1.598984912256387614e-02 2.606012006275056081e-02 -2.701217757511423061e-03 -1.246224982860900422e-02 8.481215344660467115e-03 -3.240360992943034923e-01 4.364244884808006208e-01 1.041760396638191866e+00 -9.274987401556383793e-02 -5.843408824530395285e-02 -2.029710397697107038e-02 -2.145117196168133157e-03 4.616762690417437753e-02 4.829816934831807768e-02 -4.374223278295979317e-02 -1.381691028646334418e+00 7.855895160372386998e-01 7.840076359919305737e-01 -5.596560906471617636e-02 -1.991540025388556789e-01 -2.330492673966979567e-01 -1.255260414287010795e-01 7.786075859379545938e-02 -8.933405429847968149e-02 3.927301828078937074e-02
4.983337035044305807e+00 3.508110754020107525e+00 3.492080939537633433e-01 -1.662275236820499380e+00 8.107997004995619317e-02 2.949465995535207608e+00 -6.365347490807816699e-01 1.288600381461375566e+00 -1.815448470751847565e-01 -4.696606160127708707e-01 9.105098883727860937e+01 1.101528209387733215e+00 2.076155828985279506e+00 -1.401159673487260282e-01 9.228383337879771942e-01 6.147763494744769019e-01 -4.062806057634203993e-01 -4.619664097325792279e-02 3.231672522444862805e-01 -2.804074536957375935e-02 -5.896657964815688047e-01 -1.348827091339371009e-01 -4.005832463156098339e-02 1.774523208334784163e+00 4.793581987852188475e-02 8.402169166023476521e-02 4.390969878366510204e-02 1.765289440950444655e-01 1.251357010623191934e-01 5.011895735555699227e-02 1.416653307275417273e+00 1.624295154438038846e+00 8.839285929372497908e-01 4.543543949415553840e-01 2.072324521252815188e-01 -2.843361184956444965e-01 2.417690159834092953e-02 1.725327664935407956e-01 1.863809581957886485e-01 -6.289193238975687716e-02 7.814811619597638703e+00 2.210236008324929280e+00 2.614512063920833573e-01 -1.258026766276343134e+00 -9.921504672026176808e-01 6.017692939308300071e-02 9.642796906260929501e-02 -3.325429703089262667e-01 -4.212263874556407273e-02 1.283414455620032479e-01 7.575113984145910528e+00 -5.246845431494445045e+00 -4.375008728973626582e+00 8.960183221233583017e-01 3.748049641825195177e+00 -8.109169757265749512e-01 3.529882588039877089e-01 -5.055409405091721986e-01 -4.764399560075862489e-02 -4.614607868598283313e-01 5.266365070468696530e+01 -1.194259465717475699e+01 1.148644483430440388e+01 -1.085383097198652536e+01 -9.466629068565659111e+00 1.245314739202027621e+00 3.553031036883416593e+00 1.718721356181315052e+00 -3.075088612711800520e-02 1.315546959987252018e+00
-4.983333884415816151e+00 -1.543344707010388062e+00 2.044185274170585487e+00 2.274719385832323915e-01 3.223267662440830961e+00 2.206987621019838586e-01 5.074865116987460345e-01 4.136964249260691173e-01 3.255998502733711275e-01 2.155989401968911867e-01 1.101528209387733215e+00 4.279378360453384289e+01 -5.097682513640757751e-01 2.367783287183203023e-01 1.228024306996756826e-01 5.078590668620441839e-01 -1.605154866162238347e-01 1.534153075764189966e-01 1.838311835134949779e-01 -7.258746529474729980e-02 -1.424976790377548541e+00 -1.272438010943370168e+00 -1.014922740020149927e-01 -5.241529357644099107e-01 1.471645856166188260e-01 -1.405644280728682825e-02 -1.535314229203352532e-01 5.457514459967071491e-02 2.293394153125078994e-01 5.264160330335178328e-02 3.609614447613345600e+00 -8.644105949317094639e-01 -6.027175058141822639e-01 4.870039276607055490e-01 2.821397243119711518e-01 2.433108454778982743e-01 4.173860586984227683e-01 -5.736077120585698344e-04 -1.244615242500054925e-01 3.055228227219347961e-02 8.167368673472402696e-01 -1.088650097031212960e-01 -5.062191636485130486e-01 -2.176387936348879171e-01 -1.648792053945717373e-01 1.025694342057282826e-01 -3.383136212142923704e-01 7.161859408604873134e-02 -1.711233939651302383e-01 1.520906198624660637e-02 2.683445078214693691e+00 4.798974139960243690e+00 6.689813959273983590e-01 1.616078459886055363e+00 -1.200193260443911253e-01 1.006929117933043072e+00 -7.156354964284581399e-01 -4.227257824784385054e-01 7.871728265122102108e-01 -1.470901163509416021e-01 1.735247927335639062e+01 -1.970100469770416396e+01 7.282190968640690265e+00 -7.911588094071107413e+00 5.546341483573622444e-01 -1.801176842801139655e+00 -7.957694385770849310e-01 -1.201599546708044031e+00 -5.966730464456757588e-01 8.567477284230261558e-01
-9.989715328725958798e-01 1.217342203663700051e+00 1.726250421352243103e-01 1.395315049331578329e-02 -7.127750941450732292e-01 -5.572780583733791815e-01 9.043085541642982561e-02 1.841916721024591808e-02 -1.319526178837876207e-01 5.892114084710548677e-02 2.076155828985279506e+00 -5.097682513640757751e-01 1.962095007908203570e+01 6.397050015215242080e-01 4.273049998707576513e-01 -1.575924844640397282e-01 -8.457155151711331920e-02 8.218754531198591007e-02 2.025272940314044867e-01 -7.321479863027467727e-02 2.107656862753517935e+00 1.474156940982830566e+00 8.094318351889843166e-01 4.559978397126057126e-01 -4.354703044183134142e-01 -2.386274666192286509e-01 -1.295567168432569805e-01 3.520936591037929220e-02 6.201928023066100026e-02 3.801824734662852256e-02 1.864497414687311894e+00 8.612036712475109601e-01 -7.701830469680734925e-01 8.672901558445370584e-01 2.972806438026606157e-01 1.563831570324112630e-01 1.093129717050214493e-02 -5.528852007749624625e-02 8.118168286009627699e-02 9.659827937396241182e-02 1.125256498874875222e+00 6.993758592811555319e-01 -9.444075693667942639e-01 6.813999412583278403e-02 -6.542394246703278071e-01 3.814882391426269725e-01 -9.134628299722614975e-02 -3.489774779565124607e-02 -1.339430927244448025e-02 -4.454189361110803824e-02 -4.666788407257618787e-01 -2.442888305882703559e+00 -9.437482111111010763e-01 1.942503770530749907e-01 -8.272002030287638474e-01 -1.837675495933996650e-01 -4.317445040161109193e-01 -1.208358766736308126e-01 3.222374800228652303e-01 1.091427865964111552e-02 6.818768948002976948e+00 -2.417427697502003259e+00 -4.499178047597218288e+00 -7.506902096454344253e-01 -1.063757714719607561e+00 -3.872754487435492443e-01 -9.662437957490167539e-01 1.860439731754398238e-02 -1.752489588807560617e-01 2.652550894904463497e-01
1.557159857607771647e+00 5.419929543004124994e-01 4.006911808714708201e-01 3.374738026445073258e-01 -8.437389010891294117e-01 1.057443731600914705e-01 4.118462622341923507e-01 -3.950747688427422299e-01 8.615299539369315751e-02 2.616692234972452930e-02 -1.401159673487260282e-01 2.367783287183203023e-01 6.397050015215242080e-01 9.609973453242567132e+00 -2.107639101632828027e-01 3.032096185113029030e-01 -1.638632285830703139e-01 1.641819775344259824e-01 5.432511017434144690e-02 8.818200667777566226e-02 -1.906742035738526519e+00 -1.181403023048583634e-01 -2.461478188586218308e-01 -2.718922273192405648e-01 -3.235109656190157668e-01 -9.796588030704177219e-02 6.246508069517603401e-02 -9.945430536070238442e-03 7.281414373837553911e-02 9.042884599397811585e-02 -8.152776419396441376e-01 -2.462204841738568351e-01 -1.067409606144378437e-01 4.587303887073712616e-01 3.232568650640176289e-01 1.062598219684043194e-01 9.461142188536918185e-02 1.363920599991446381e-01 4.170825008260389127e-02 4.625635077167154080e-02 5.121745164899291769e-01 -2.870212401315213047e-01 6.557325072624725637e-01 -3.622633367404007321e-02 -1.236163106343874940e-01 3.085895591410205488e-02 6.309218821700694757e-02 -3.892919541291231522e-02 -8.451860755539353579e-03 -1.573974167287261680e-02 -3.587740491888447458e+00 -3.989041476764158656e+00 -3.471564410947565182e-01 1.135962560645451536e+00 7.659122515565974787e-01 2.592021002525749657e-02 1.610981238269623972e-01 2.892618794195221388e-01 -4.675902875945316117e-02 -1.522709689571835057e-01 2.459849783430489012e+01 5.860132988837094992e+00 3.493259185275560341e+00 -8.708042945144155444e-01 6.837504334820940777e-01 -1.173125665637180376e-01 -9.311436724049132474e-01 4.446665463015719855e-01 -1.440913484428446231e-02 1.417667664433610031e-01
2.679128354282631075e-01 -1.050131774405224094e+00 8.918648415175461919e-01 5.157765933113449552e-01 4.410008310262419906e-01 2.174121356245266590e-01 1.647373285481086580e-01 2.922295243510384874e-02 -1.362748914358691277e-01 -2.660833283566791524e-02 9.228383337879771942e-01 1.228024306996756826e-01 4.273049998707576513e-01 -2.107639101632828027e-01 4.499933040650619276e+00 1.357165356060732742e-01 -6.499392477532917045e-02 8.527729998406136103e-02 -4.103216512065605698e-02 -9.436053016090868023e-03 1.318574391031873683e+00 -1.068575833352382320e-01 3.295456420971483724e-01 -2.727586936841809861e-01 -4.168134831370345211e-02 6.997810296578205191e-02 -5.324419557063277131e-02 1.158309152064170566e-01 -4.616532321533464711e-02 -1.306848944127218456e-02 3.887296925582218177e-01 2.997622217864702732e-01 2.935268699739714340e-02 2.744130199645373747e-01 -3.227559146035111765e-02 1.388684841727918229e-01 -1.527510570426716605e-02 -1.501248507675784737e-02 2.103367600673475973e-02 -2.973051696518389658e-02 -3.548578158012841710e-01 -1.582852090111871723e-01 -1.427771018078175802e-01 1.981217450919522949e-01 -5.887317461950645342e-02 -6.938689776961488864e-02 -1.518628526103273368e-01 4.166178597281917917e-02 2.228682391823920764e-02 -9.313334508549675830e-03 2.547102621937848088e+00 -2.568901042173909577e+00 1.708514583465460479e+00 1.150456184180452812e+00 6.735116890325435479e-01 5.480087981775736417e-01 -1.041781673043054302e-01 2.591173776737311363e-02 1.836643062248295988e-01 3.412871956577638588e-02 1.215501029349812789e+01 -4.587194282086075603e-01 1.082123736850756801e+00 9.625342474801614756e-01 6.035168347866503441e-02 2.005809690580417082e-01 -1.743503637203465406e-01 -4.689378612584270689e-01 -2.521289630371744694e-01 6.848778192729825832e-03
-2.117179145774560067e-01 5.362026619890090107e-01 -7.622014084373464060e-01 2.993546560894541075e-01 2.368013909123786176e-01 6.415832242710139965e-02 1.226486279953516306e-01 -8.123213859548063590e-03 3.222084431641941693e-02 -1.135796208978072722e-02 6.147763494744769019e-01 5.078590668620441839e-01 -1.575924844640397282e-01 3.032096185113029030e-01 1.357165356060732742e-01 1.902147775268813845e+00 1.946691676445761604e-02 5.317200136266309746e-02 4.434870785278338667e-02 -6.459843014683311693e-03 4.930412580786430743e-01 -4.669283943196750331e-01 9.239441735165888903e-02 -1.112094738735874694e-01 1.915807073834982998e-04 6.003638729585722422e-02 5.951246718968776495e-02 4.826651941557107833e-02 1.921694346898049008e-02 1.156971867458849411e-02 2.419672869113237701e-01 5.172048549833998393e-02 1.465255975838734015e-01 -1.564716304023818505e-01 -3.008104308178379330e-02 -4.735291048776249512e-02 3.329200326179878287e-03 6.593720601743464048e-03 7.834834537348551661e-03 1.539716090062140559e-02 4.201354515154103603e-02 4.211783994865362368e-01 -9.547410381754162234e-02 -3.447110401737565888e-01 6.431805050999687186e-04 3.433527606419489037e-02 1.042816450578104570e-01 -1.564821360038136031e-02 3.131765471304091830e-02 6.545293759121734861e-03 -1.480495254213094469e+00 2.352081458199825892e-01 1.111561156268942252e+00 4.326466324784868367e-01 3.491507081092679043e-01 1.097772360724547369e-01 3.920025750132766218e-01 1.188161570047167187e-02 3.928405646174284310e-02 -2.199348922135498444e-02 -3.417141770519259047e+00 -1.422075472424928932e+00 2.589706821629831346e+00 3.071008575642444893e-01 1.481504053321089254e+00 3.749533585894370136e-01 -2.038529481446707536e-01 2.205743024761530335e-01 -2.160149583026771958e-01 1.666595327877442786e-02
-1.633294026019369849e-01 1.166227102139168748e-01 -1.839798849777904421e-01 -3.741433767048905901e-02 8.824674867601262074e-02 -1.413501319949147239e-01 8.535939507004772567e-03 1.144459500880963369e-02 -2.276741849982739235e-02 -1.835187269770312962e-02 -4.062806057634203993e-01 -1.605154866162238347e-01 -8.457155151711331920e-02 -1.638632285830703139e-01 -6.499392477532917045e-02 1.946691676445761604e-02 9.812194607378365019e-01 6.829837403328131717e-02 -1.622713920411198926e-02 1.617801930087152742e-02 -1.820263642936258619e-03 2.661988153350735020e-01 -2.077521433982282006e-01 9.598051287818876176e-03 1.298682221520247038e-01 -2.046238509288982217e-03 5.729788682891456819e-02 6.516064864931492284e-02 8.984330207584637421e-03 -8.814745366462411330e-03 -1.101132001503816737e-01 -2.874729063533066897e-01 -5.182951310186993676e-02 -7.265836076282729608e-03 2.882715583763825404e-02 1.062643532007071260e-03 7.550594428635111488e-02 2.120382997110521056e-02 -1.510341519122310010e-02 -8.208619477242752593e-03 1.747625219161668408e-01 -1.324231458507956760e-01 1.842299887942568104e-01 -7.644125899232205590e-02 9.479213770464768596e-02 4.840487976489586675e-02 7.715886394739417120e-02 7.050936955488469431e-03 4.673901738326004945e-02 -2.300951107635853393e-02 -2.174744061974335008e+00 -1.456576921234892019e+00 8.862602931293245279e-01 -6.214179326336214393e-01 4.707860717999948034e-03 -1.687758180882531767e-01 5.456489616891919275e-02 -3.369625942827046000e-02 7.260552920992023596e-02 -1.171619914681270615e-02 -1.756722094080468421e+00 -1.286258950337783258e+00 1.130440204631000034e+00 1.141685343334182923e+00 -1.421584891387571159e-01 1.181701834631772724e-01 -6.443939941393603266e-02 3.460698242310000783e-01 8.329574771556504109e-02 6.403941795018043559e-02
1.771013284925223807e+00 -5.235503523479828614e-01 4.566582763390083510e-01 -8.543038940524596767e-03 -9.408437447070880366e-02 7.549426062777625686e-03 1.189630044361141975e-01 8.462868158317379819e-02 3.773465133090178614e-02 -1.957239264158190314e-02 -4.619664097325792279e-02 1.534153075764189966e-01 8.218754531198591007e-02 1.641819775344259824e-01 8.527729998406136103e-02 5.317200136266309746e-02 6.829837403328131717e-02 4.530136576736576992e-01 3.504388220399046877e-02 7.587497258644848065e-03 3.751821718744378087e-01 -9.639818098999995699e-02 -5.168626392998271202e-02 8.543816183591132485e-02 -7.460026355060146719e-02 3.400592146711463315e-02 -1.922856658779762209e-03 4.483567313187884068e-02 1.924859435623627393e-02 6.962324210669848523e-03 -3.299459968972993651e-01 1.223763921798385473e-01 -2.171698143629713015e-02 9.473474747776679250e-02 -1.546693315697369314e-02 -8.759755417539115407e-03 5.285793291560173142e-03 4.197733769000308590e-02 2.489341487877826629e-03 7.737399348321322146e-03 7.348347847281151701e-02 8.381434711874341525e-02 2.345181437340956854e-02 7.010242334719270219e-02 7.347036623587256676e-02 8.643931300563460068e-03 1.522913183903269437e-03 2.545074089655430792e-04 1.104956815340874497e-02 -5.375497661556750267e-03 7.425966934024308408e-01 -1.493659318491339594e+00 4.559045902355361446e-01 -2.699155976122083727e-03 4.283914070478957864e-02 -1.372456108030269684e-01 -8.677387390581384197e-02 -8.385371562178958738e-02 1.151431516261881699e-01 2.213181831111233136e-02 -1.665918249674792628e+00 2.779819214183745779e-01 -8.973482370507394890e-02 -5.246561797674186289e-01 2.071008112964927150e-01 -1.916694893898467089e-01 -1.662402636218659469e-01 -6.092703329133100643e-02 2.165866273124503888e-02 2.650124312868293568e-03
1.718521813337132997e-01 1.401861912712201730e-01 6.544754819442420712e-02 3.127265120297719608e-02 1.183701228715058895e-01 -5.428560708081378583e-02 1.578495195213459601e-01 -5.715189384271465202e-03 5.413419035625175596e-02 3.645466263266801399e-02 3.231672522444862805e-01 1.838311835134949779e-01 2.025272940314044867e-01 5.432511017434144690e-02 -4.103216512065605698e-02 4.434870785278338667e-02 -1.622713920411198926e-02 3.504388220399046877e-02 2.476120674830902813e-01 1.801577803223585600e-02 -1.542750834606095578e-01 1.500085481867196591e-01 -7.414252459730136247e-02 4.356383930138724853e-02 -6.264039670874639587e-02 -2.814535861375856013e-02 1.079448973322611610e-02 1.819148357347886297e-02 2.468854151047979173e-02 1.145885663948265250e-02 2.577494526791506216e-02 -2.325372738458097305e-02 2.397765828685519823e-02 5.042151446965305317e-02 2.470318904931981946e-02 3.320499480049543539e-02 -2.586241725879567452e-02 2.411980425734575051e-02 2.454232422519364576e-02 8.665365043728046751e-03 2.357075573702677451e-01 4.567392584299783537e-02 -7.029507943815835325e-02 -3.492869672689610794e-02 -3.759425268813389870e-02 3.015034709924176853e-02 4.508774446470000842e-03 1.287248674186733735e-02 8.011291067502460464e-03 5.708008610993730962e-03 1.155390221591523714e+00 1.515640177996927795e-01 -4.800844714037822980e-01 -4.104232852389221031e-02 2.033966640033085249e-01 -1.709559524076495474e-02 8.733648487776950187e-02 -3.789473846529037293e-02 4.796185676711058749e-02 6.425064156170467913e-04 1.497124440308823967e+00 7.152817929534971420e-01 -5.463106183313640000e-03 -4.174612501845504919e-01 5.518335298446579856e-02 1.815143353144788307e-01 1.466014336544413377e-01 -5.450668278191354160e-02 3.158864781517838755e-02 -6.353254353664215814e-02
-2.665477508944286700e-01 1.088718929910852118e-01 9.851069555847315196e-02 3.918413292935083456e-04 1.270230278422740172e-03 7.286903685742488791e-03 4.629240490258574453e-02 7.057269434676335940e-02 2.782973187849350008e-02 3.574539395997508584e-02 -2.804074536957375935e-02 -7.258746529474729980e-02 -7.321479863027467727e-02 8.818200667777566226e-02 -9.436053016090868023e-03 -6.459843014683311693e-03 1.617801930087152742e-02 7.587497258644848065e-03 1.801577803223585600e-02 1.412104366384377974e-01 4.955727300627475740e-02 9.040508659838580874e-02 -2.098586715153907475e-02 -3.903609187673413861e-02 -3.253077686810579988e-02 -8.300356501040013352e-03 -7.865334477788775425e-03 1.033364170815084457e-02 1.049624413305138594e-02 2.273254671414982539e-02 -8.926248799469274631e-02 -2.344011718300231459e-02 1.667793248462966921e-02 3.764752318295144784e-02 9.051962833476987283e-03 1.140727277858826112e-02 6.778616977581541220e-03 3.566194126264964591e-03 1.330861173164672728e-02 1.527865173164372030e-02 -7.677313482612939388e-02 -5.210845739091714973e-02 -1.410933976997015560e-02 -9.612628337313834648e-03 2.307001589231597038e-02 -1.717408869351094367e-02 -9.389061445810139434e-03 -1.442440208643216287e-02 5.209005753903333917e-03 1.237026920007833382e-02 1.909965938307778832e-01 -1.464947233864754006e-01 -6.036278082182531396e-02 3.739683873888062222e-04 -2.842213036901606454e-02 -1.414947730874945298e-01 7.661222720667819341e-03 3.419422271130476837e-02 -4.670447480187278622e-02 4.571680228338489450e-03 1.961245728260048615e+00 -8.736281245376150695e-01 5.410300488929310481e-01 1.297496823843771740e-01 1.901680481567430414e-01 1.391808439565811462e-01 4.269047927904466577e-02 4.525437661514714049e-02 3.311557558668507678e-02 -9.297161699296388124e-03
-1.063740947578258833e+01 1.538291427849838522e+00 -1.587975385056980215e+00 5.337578880318580854e-01 1.282872378024138227e+00 2.330452056972836805e-01 -1.142024510672492665e+00 1.200893858618098387e+00 4.314245923922189335e-02 3.769129416088070478e-02 -5.896657964815688047e-01 -1.424976790377548541e+00 2.107656862753517935e+00 -1.906742035738526519e+00 1.318574391031873683e+00 4.930412580786430743e-01 -1.820263642936258619e-03 3.751821718744378087e-01 -1.542750834606095578e-01 4.955727300627475740e-02 5.464330461413630502e+01 -2.205082107026288707e+00 6.301037422275396205e-02 -1.235395244290823508e-01 1.537688629480755409e-01 -1.128145213349352471e-01 8.153519941502102020e-02 2.269218944279891848e-01 -4.059010613026450831e-02 -6.176272160966805175e-02 3.449332853374776242e+00 1.656149337255285348e+00 -7.262484230200892954e-01 -4.201511643840361021e-01 -5.810904008958205774e-02 5.445583494940975378e-01 1.323121521666598410e-01 -3.044508920469317093e-01 9.821322835324951261e-02 3.387656385215397775e-02 -2.598208513980560852e+00 -1.416322954485351060e+00 -1.241990584426051619e-01 -1.149873038735509612e+00 -6.395938020902984800e-01 3.139720022958836232e-02 -6.284425824243875525e-01 1.995176391433137533e-02 -7.730548611222431976e-02 -6.865666329437337088e-03 1.681982860388693979e+01 -1.447100580135348563e-02 4.606970502309765791e+00 2.616960199671785059e+00 -3.075380308980382615e+00 -1.873444192477983883e+00 2.898811061334051753e-01 2.481490789721976231e-01 -9.868726436072582098e-02 -1.221208281031044007e-01 -6.085149137298161293e+01 1.142632339912156603e+01 -4.367104570433557598e+00 6.370058717590191932e+00 3.780366974000439750e+00 7.947204429833624184e-01 -9.205841501254511394e-01 2.891503954782769226e-01 -5.656928260313189849e-01 3.371173461238046176e-01
2.109238829674668914e+00 -7.070753457960639032e-01 -1.337987151683386111e+00 3.523993434341747277e-01 -2.089199565281258497e+00 3.904659697590324163e-01 3.209319393303606271e-01 -2.656280689650741267e-01 4.304326233040400157e-02 9.786084067802784670e-02 -1.348827091339371009e-01 -1.272438010943370168e+00 1.474156940982830566e+00 -1.181403023048583634e-01 -1.068575833352382320e-01 -4.669283943196750331e-01 2.661988153350735020e-01 -9.639818098999995699e-02 1.500085481867196591e-01 9.040508659838580874e-02 -2.205082107026288707e+00 2.598549850631983205e+01 -4.815423714847121284e-01 -6.066574810719549404e-01 5.116331861105567480e-01 3.098834354089150533e-01 -2.036447378971710243e-01 7.356765571747625465e-02 -8.474834726845890953e-02 -8.860403413990737553e-02 9.685214527056082989e-01 1.558508649538334900e+00 7.206075855604124336e-02 3.161056014301343309e-01 3.302507236381131972e-01 2.603228180831621552e-01 -5.144114062066334342e-02 9.750575773523267181e-03 5.124728761986447473e-02 3.818292744381910492e-02 7.606462415529802179e-01 5.729065881053994058e-01 4.752140685241771911e-01 -1.509803705315629629e-01 8.775334200602408208e-02 3.827385683528791022e-02 1.790323019596165577e-01 2.774643921305358293e-02 -5.147330861645739442e-03 3.776463669553240844e-03 1.586982828433568748e+01 9.019831854454519515e+00 7.791658020381546645e-01 5.230600067619383120e-01 -2.308182198035688248e+00 -2.042513609035356004e-01 1.912321859681879455e-01 5.326881152674641795e-01 -2.793071016156569164e-01 -6.817855402270608933e-02 2.275912162883455281e+01 -1.521890010406782956e+01 -5.613885157075617194e+00 -4.550454351870975245e+00 3.645264668957075127e+00 1.148081868226769192e-01 2.100178973670250304e+00 6.060363824733924210e-01 -8.877406966867246174e-02 1.119580761146781733e-01
